TRINITY_DN10833_c0_g1_i1.p1	XM_004477246.3	25.664	113	76	4	56	167	230	335	7.80e-07	36.6
TRINITY_DN20916_c0_g1_i1.p1	XM_004483219.2	28.030	264	171	7	1	248	137	397	9.05e-25	90.9
TRINITY_DN20916_c0_g1_i1.p1	XM_004477246.3	25.207	242	165	6	1	233	106	340	3.23e-22	82.8
TRINITY_DN20916_c0_g1_i1.p1	XM_004452792.2	26.531	245	158	7	11	238	114	353	3.25e-15	62.8
TRINITY_DN20916_c0_g1_i1.p1	XM_058275368.1	23.256	172	108	8	42	198	315	477	3.79e-07	38.9
TRINITY_DN29880_c0_g1_i1.p1	XM_004483219.2	35.294	102	66	0	28	129	73	174	7.52e-16	61.6
TRINITY_DN29880_c0_g1_i1.p1	XM_004452792.2	21.667	120	94	0	6	125	16	135	7.31e-08	38.5
TRINITY_DN29880_c0_g1_i1.p1	XM_004477246.3	20.408	98	78	0	32	129	46	143	1.47e-06	34.7
TRINITY_DN31037_c0_g1_i1.p1	XM_004477246.3	24.476	143	81	4	4	140	203	324	1.92e-09	43.5
TRINITY_DN31037_c0_g1_i1.p1	XM_058275368.1	28.571	84	53	2	44	127	410	486	1.21e-08	41.2
TRINITY_DN31037_c0_g1_i1.p1	XM_004452792.2	26.829	123	83	3	3	125	198	313	7.03e-08	38.9
TRINITY_DN32190_c0_g1_i1.p1	XM_004477246.3	21.239	113	83	2	9	121	209	315	4.35e-11	48.1
TRINITY_DN32190_c0_g1_i1.p1	XM_004452792.2	26.984	126	83	4	10	130	206	327	7.36e-09	41.6
TRINITY_DN389_c0_g1_i1.p1	XM_004483219.2	32.907	313	202	5	65	374	55	362	1.99e-51	168
TRINITY_DN389_c0_g1_i1.p1	XM_004477246.3	29.412	323	208	7	79	399	40	344	3.42e-46	152
TRINITY_DN389_c0_g1_i1.p1	XM_004452792.2	25.634	355	240	9	52	398	7	345	1.05e-25	95.9
TRINITY_DN389_c0_g1_i1.p1	XM_058275368.1	22.105	285	192	8	107	385	245	505	7.27e-14	61.2
TRINITY_DN39866_c0_g1_i1.p1	XM_004483219.2	35.802	81	52	0	25	105	282	362	2.66e-17	65.5
TRINITY_DN39866_c0_g1_i1.p1	XM_004452792.2	29.213	89	63	0	8	96	225	313	7.59e-11	47.0
TRINITY_DN39866_c0_g1_i1.p1	XM_004477246.3	23.762	101	75	1	20	120	237	335	1.15e-10	46.2
TRINITY_DN39866_c0_g1_i1.p1	XM_058275368.1	28.000	75	54	0	25	99	413	487	1.23e-08	40.4
TRINITY_DN46638_c0_g1_i1.p1	XM_004477246.3	24.290	317	198	13	32	336	32	318	4.62e-17	70.9
TRINITY_DN46638_c0_g1_i1.p1	XM_004452792.2	25.000	300	205	9	69	363	61	345	6.78e-14	61.2
TRINITY_DN46638_c0_g1_i1.p1	XM_004483219.2	26.455	189	129	5	51	235	74	256	1.32e-13	60.8
TRINITY_DN5603_c0_g1_i2.p1	XM_004477246.3	31.325	83	56	1	21	103	101	182	3.47e-12	50.1
TRINITY_DN5603_c0_g1_i2.p1	XM_004483219.2	29.808	104	68	4	2	103	114	214	2.10e-11	47.8
TRINITY_DN5603_c0_g1_i2.p1	XM_004452792.2	30.000	80	55	1	23	102	99	177	5.55e-07	35.0
TRINITY_DN616_c0_g1_i1.p1	XM_004483219.2	33.546	313	200	6	63	372	55	362	2.07e-54	176
TRINITY_DN616_c0_g1_i1.p1	XM_004477246.3	27.222	360	235	9	40	396	9	344	5.48e-41	137
TRINITY_DN616_c0_g1_i1.p1	XM_004452792.2	27.701	361	230	9	50	394	7	352	2.95e-29	105
TRINITY_DN616_c0_g1_i1.p1	XM_058275368.1	21.348	267	181	6	105	366	245	487	6.75e-10	48.5
TRINITY_DN6485_c6_g1_i1.p1	XM_004477246.3	24.176	182	100	9	32	211	197	342	6.54e-07	38.1
