TRINITY_DN105_c0_g1_i1.p1	XM_004483219.2	30.233	215	145	3	7	220	152	362	2.13e-31	109
TRINITY_DN105_c0_g1_i1.p1	XM_004477246.3	27.049	244	160	5	3	244	117	344	1.40e-28	100
TRINITY_DN105_c0_g1_i1.p1	XM_004452792.2	26.442	208	139	4	6	211	118	313	4.57e-18	71.2
TRINITY_DN105_c0_g1_i1.p1	XM_058275368.1	24.118	170	113	4	42	206	321	479	7.80e-11	50.1
TRINITY_DN105_c0_g1_i1.p1	XM_004463203.4	26.277	137	95	3	1	132	114	249	1.65e-06	36.6
TRINITY_DN105_c0_g1_i10.p1	XM_004483219.2	33.333	165	95	3	5	163	207	362	9.03e-26	91.7
TRINITY_DN105_c0_g1_i10.p1	XM_004477246.3	25.946	185	120	4	5	187	175	344	5.56e-21	77.8
TRINITY_DN105_c0_g1_i10.p1	XM_004452792.2	26.490	151	100	2	6	154	172	313	6.63e-14	57.8
TRINITY_DN105_c0_g1_i10.p1	XM_058275368.1	29.268	82	57	1	74	154	403	484	1.53e-08	42.0
TRINITY_DN105_c0_g1_i12.p1	XM_004483219.2	30.233	215	145	3	7	220	152	362	2.13e-31	109
TRINITY_DN105_c0_g1_i12.p1	XM_004477246.3	27.049	244	160	5	3	244	117	344	1.40e-28	100
TRINITY_DN105_c0_g1_i12.p1	XM_004452792.2	26.442	208	139	4	6	211	118	313	4.57e-18	71.2
TRINITY_DN105_c0_g1_i12.p1	XM_058275368.1	24.118	170	113	4	42	206	321	479	7.80e-11	50.1
TRINITY_DN105_c0_g1_i12.p1	XM_004463203.4	26.277	137	95	3	1	132	114	249	1.65e-06	36.6
TRINITY_DN105_c0_g1_i13.p1	XM_004483219.2	30.496	141	83	3	38	172	231	362	1.31e-17	68.9
TRINITY_DN105_c0_g1_i13.p1	XM_004477246.3	23.121	173	114	4	28	196	187	344	8.50e-14	57.4
TRINITY_DN105_c0_g1_i13.p1	XM_004452792.2	26.613	124	82	1	40	163	199	313	1.30e-11	51.2
TRINITY_DN105_c0_g1_i13.p1	XM_058275368.1	29.870	77	53	1	83	158	403	479	1.37e-08	42.4
TRINITY_DN105_c0_g1_i18.p1	XM_004483219.2	39.655	58	35	0	18	75	305	362	3.52e-14	55.5
TRINITY_DN105_c0_g1_i18.p1	XM_004477246.3	28.090	89	62	1	11	99	258	344	1.00e-10	45.4
TRINITY_DN105_c0_g1_i18.p1	XM_004452792.2	40.816	49	29	0	18	66	265	313	2.53e-09	41.6
TRINITY_DN105_c0_g1_i18.p1	XM_058275368.1	34.694	49	32	0	18	66	436	484	2.37e-08	38.9
TRINITY_DN105_c0_g1_i19.p1	XM_004483219.2	33.000	100	61	1	79	172	263	362	2.18e-16	65.1
TRINITY_DN105_c0_g1_i19.p1	XM_004452792.2	32.558	86	58	0	78	163	228	313	1.81e-11	50.8
TRINITY_DN105_c0_g1_i19.p1	XM_004477246.3	25.455	110	80	1	87	196	237	344	2.80e-11	50.1
TRINITY_DN105_c0_g1_i19.p1	XM_058275368.1	29.268	82	57	1	83	163	403	484	1.99e-09	45.1
TRINITY_DN105_c0_g1_i9.p1	XM_004483219.2	30.573	314	208	7	33	342	55	362	3.54e-46	153
TRINITY_DN105_c0_g1_i9.p1	XM_004477246.3	27.901	362	230	10	10	366	9	344	1.00e-42	141
TRINITY_DN105_c0_g1_i9.p1	XM_004452792.2	25.779	353	233	8	20	357	7	345	1.16e-25	95.1
TRINITY_DN105_c0_g1_i9.p1	XM_058275368.1	21.923	260	174	6	74	328	244	479	5.48e-12	55.1
TRINITY_DN105_c0_g1_i9.p1	XM_004463203.4	26.887	212	143	6	53	254	40	249	1.27e-08	43.9
TRINITY_DN170_c0_g1_i1.p1	XM_004483219.2	29.851	335	221	6	50	375	55	384	1.15e-47	157
TRINITY_DN170_c0_g1_i1.p1	XM_004477246.3	27.072	362	233	10	27	383	9	344	1.07e-39	134
TRINITY_DN170_c0_g1_i1.p1	XM_004452792.2	25.545	321	218	7	37	350	7	313	1.02e-25	95.5
TRINITY_DN170_c0_g1_i1.p1	XM_058275368.1	21.993	291	198	6	92	377	245	511	4.22e-11	52.4
TRINITY_DN170_c0_g1_i2.p2	XM_004483219.2	37.975	79	49	0	1	79	284	362	1.73e-15	59.3
TRINITY_DN170_c0_g1_i2.p2	XM_004452792.2	35.821	67	43	0	4	70	247	313	5.26e-11	46.6
TRINITY_DN170_c0_g1_i2.p2	XM_004477246.3	24.490	98	72	1	4	101	247	342	2.05e-10	45.1
TRINITY_DN170_c0_g1_i2.p2	XM_058275368.1	26.804	97	71	0	1	97	415	511	8.04e-09	40.4
TRINITY_DN170_c0_g1_i2.p1	XM_004483219.2	29.362	235	156	6	50	276	55	287	2.16e-30	107
TRINITY_DN170_c0_g1_i2.p1	XM_004477246.3	29.084	251	162	7	27	272	9	248	1.26e-29	104
TRINITY_DN170_c0_g1_i2.p1	XM_004452792.2	25.333	225	156	6	37	254	7	226	7.57e-15	62.4
TRINITY_DN170_c0_g1_i4.p1	XM_004483219.2	29.237	236	161	6	4	236	55	287	4.18e-31	108
TRINITY_DN170_c0_g1_i4.p1	XM_004477246.3	29.493	217	145	4	18	230	40	252	1.11e-29	103
TRINITY_DN170_c0_g1_i4.p1	XM_004452792.2	25.000	184	134	3	27	208	45	226	1.43e-14	60.8
TRINITY_DN170_c0_g1_i5.p1	XM_004483219.2	29.362	235	160	6	15	245	55	287	5.12e-31	108
TRINITY_DN170_c0_g1_i5.p1	XM_004477246.3	29.583	240	156	6	7	241	21	252	2.23e-30	105
TRINITY_DN170_c0_g1_i5.p1	XM_004452792.2	25.000	184	134	3	38	219	45	226	1.45e-14	60.8
TRINITY_DN538_c0_g1_i1.p1	XM_004483219.2	30.909	165	111	1	38	202	201	362	1.42e-26	95.1
TRINITY_DN538_c0_g1_i1.p1	XM_004477246.3	28.049	164	103	3	36	197	167	317	3.62e-18	70.5
TRINITY_DN538_c0_g1_i1.p1	XM_004452792.2	25.316	158	106	3	38	193	166	313	5.15e-11	49.7
